Benchmark: PTaaS
PORT: 5096
SID: 9v9m20el

0 278 run: 0 0 278 0

27 278 run: 1 27 278 0

39 278 run: 2 39 278 0

48 278 run: 3 48 278 0

48 278 run: 4 48 278 0

73 278 run: 5 73 278 0

73 278 run: 6 73 278 0

81 278 run: 7 81 278 0

101 278 run: 8 101 278 0

101 278 run: 9 101 278 0

140 278 run: 10 140 278 0

153 278 run: 11 153 278 0

153 278 run: 12 153 278 0

153 278 run: 13 153 278 0

153 278 run: 14 153 278 0

154 278 run: 15 154 278 0

154 278 run: 16 154 278 0

154 278 run: 17 154 278 0

154 278 run: 18 154 278 0

154 278 run: 19 154 278 0

154 278 run: 20 154 278 0

175 278 run: 21 175 278 0

175 278 run: 22 175 278 0

175 278 run: 23 175 278 0

175 278 run: 24 175 278 0

175 278 run: 25 175 278 0

175 278 run: 26 175 278 0

175 278 run: 27 175 278 0

175 278 run: 28 175 278 0

175 278 run: 29 175 278 0

175 278 run: 30 175 278 0

175 278 run: 31 175 278 0

199 278 run: 32 199 278 0

199 278 run: 33 199 278 0

199 278 run: 34 199 278 0

199 278 run: 35 199 278 0

199 278 run: 36 199 278 0

199 278 run: 37 199 278 0

205 278 run: 38 205 278 0

205 278 run: 39 205 278 0

205 278 run: 40 205 278 0

205 278 run: 41 205 278 0

205 278 run: 42 205 278 0

205 278 run: 43 205 278 0

205 278 run: 44 205 278 0

205 278 run: 45 205 278 0

205 278 run: 46 205 278 0

205 278 run: 47 205 278 0

205 278 run: 48 205 278 0

205 278 run: 49 205 278 0

205 278 run: 50 205 278 0

205 278 run: 51 205 278 0

205 278 run: 52 205 278 0

205 278 run: 53 205 278 0

205 278 1
run: 54 205 278 1

205 278 1
run: 55 205 278 1

205 278 1
run: 56 205 278 1

205 278 1
run: 57 205 278 1

205 278 1
run: 58 205 278 1

205 278 1
run: 59 205 278 1

205 278 1
run: 60 205 278 1

205 278 1
run: 61 205 278 1

205 278 1
run: 62 205 278 1

205 278 1
run: 63 205 278 1

205 278 2
run: 64 205 278 2

205 278 2
run: 65 205 278 2

205 278 2
run: 66 205 278 2

205 278 2
run: 67 205 278 2

205 278 2
run: 68 205 278 2

205 278 2
run: 69 205 278 2

205 278 2
run: 70 205 278 2

205 278 2
run: 71 205 278 2

205 278 2
run: 72 205 278 2

205 278 2
run: 73 205 278 2

205 278 2
run: 74 205 278 2

205 278 2
run: 75 205 278 2

205 278 2
run: 76 205 278 2

205 278 2
run: 77 205 278 2

205 278 2
run: 78 205 278 2

205 278 2
run: 79 205 278 2

205 278 2
run: 80 205 278 2

205 278 2
run: 81 205 278 2

205 278 2
run: 82 205 278 2

205 278 2
run: 83 205 278 2

205 278 2
run: 84 205 278 2

205 278 2
run: 85 205 278 2

205 278 2
run: 86 205 278 2

205 278 2
run: 87 205 278 2

205 278 2
run: 88 205 278 2

205 278 2
run: 89 205 278 2

205 278 2
run: 90 205 278 2

205 278 2
run: 91 205 278 2

205 278 2
run: 92 205 278 2

205 278 2
run: 93 205 278 2

205 278 2
run: 94 205 278 2

